  0.00000   1.00000   0.12696     12 0.30
  5.00000   1.00000   0.12696     12 0.30
 10.00000   1.00272   0.12780     12 0.30
 15.00000   1.00272   0.12780     12 0.30
 20.00000   1.00272   0.12780     12 0.30
 25.00000   0.96439   0.12843     13 0.30
 30.00000   1.00544   0.12864     12 0.30
 35.00000   1.00544   0.12864     12 0.30
 40.00000   1.00544   0.12864     12 0.30
 45.00000   1.00816   0.12946     12 0.30
 50.00000   1.13894   0.09614     18 0.30
 55.00000   1.11722   0.09289     18 0.30
 60.00000   1.11903   0.09325     18 0.30
 65.00000   1.10142   0.10063     18 0.30
 70.00000   1.15084   0.09592     18 0.30
 75.00000   1.14706   0.09800     18 0.30
 80.00000   1.14706   0.09800     18 0.30
 85.00000   1.15163   0.09846     18 0.30
 90.00000   1.21385   0.07668     24 0.30
 95.00000   1.21385   0.07668     24 0.30
100.00000   1.19035   0.08135     24 0.30
105.00000   1.17429   0.07959     25 0.30
110.00000   1.20776   0.07427     24 0.30
115.00000   1.19570   0.07473     24 0.30
120.00000   1.19570   0.07473     24 0.30
125.00000   1.03502   0.08429     30 0.30
130.00000   1.24924   0.06258     30 0.30
135.00000   1.24924   0.06258     30 0.30
140.00000   1.22416   0.06655     31 0.30
145.00000   1.21619   0.06591     31 0.30
150.00000   1.24437   0.06081     30 0.30
155.00000   1.24101   0.06197     30 0.30
160.00000   1.24101   0.06197     30 0.30
165.00000   1.09956   0.07423     36 0.30
170.00000   1.26759   0.05246     36 0.30
175.00000   1.25092   0.05576     36 0.30
180.00000   1.23843   0.05560     37 0.30
185.00000   1.23843   0.05560     37 0.30
190.00000   1.26353   0.05105     36 0.30
195.00000   1.26073   0.05203     36 0.30
200.00000   1.13668   0.06506     42 0.30
205.00000   1.33317   0.04687     46 0.30
210.00000   1.32628   0.04975     46 0.30
215.00000   1.26045   0.04849     43 0.30
220.00000   1.26045   0.04849     43 0.30
225.00000   1.05873   0.07358     55 0.30
230.00000   1.18655   0.05142     48 0.30
235.00000   0.94158   0.06053     60 0.30
240.00000   0.94174   0.06273     60 0.30
245.00000   1.07795   0.05682     57 0.30
250.00000   0.96373   0.06207     70 0.30
255.00000   1.01035   0.05244     67 0.30
260.00000   1.01278   0.05226     66 0.30
265.00000   0.94954   0.05931     73 0.30
270.00000   0.85802   0.05311     74 0.30
275.00000   0.76676   0.05629     83 0.30
280.00000   0.94341   0.05100     74 0.30
285.00000   0.91365   0.05050     79 0.30
290.00000   0.87933   0.05368     83 0.30
295.00000   0.93182   0.04730     80 0.30
300.00000   0.89761   0.05465     83 0.30
305.00000   0.83709   0.04980     80 0.30
310.00000   0.78897   0.05491     79 0.30
315.00000   0.87573   0.05812     78 0.30
320.00000   0.93405   0.04733     79 0.30
325.00000   0.84392   0.05250     89 0.30
330.00000   0.93405   0.04733     79 0.30
335.00000   0.94208   0.05226     80 0.30
340.00000   0.75614   0.05674     82 0.30
345.00000   0.80785   0.05293     79 0.30
350.00000   0.84492   0.05271     88 0.30
355.00000   0.93405   0.04733     79 0.30
360.00000   0.94444   0.05240     79 0.30
365.00000   0.96279   0.04823     77 0.30
370.00000   0.80816   0.05418     78 0.30
375.00000   0.74198   0.05489     86 0.30
380.00000   0.80443   0.05403     78 0.30
385.00000   0.84406   0.05573     81 0.30
390.00000   0.95155   0.04657     77 0.30
395.00000   0.93371   0.05195     78 0.30
400.00000   0.96257   0.04815     77 0.30
