  0.00000   1.00000   0.15915      8 0.20
  5.00000   1.00000   0.15915      8 0.20
 10.00000   1.00408   0.16074      8 0.20
 15.00000   1.00408   0.16074      8 0.20
 20.00000   1.00408   0.16074      8 0.20
 25.00000   0.94856   0.16058      9 0.20
 30.00000   1.00816   0.16229      8 0.20
 35.00000   1.00816   0.16229      8 0.20
 40.00000   1.00816   0.16229      8 0.20
 45.00000   1.01224   0.16382      8 0.20
 50.00000   1.14166   0.12013     12 0.20
 55.00000   1.11594   0.11543     12 0.20
 60.00000   1.12280   0.11650     12 0.20
 65.00000   1.09637   0.12994     12 0.20
 70.00000   1.15478   0.11808     12 0.20
 75.00000   1.14639   0.12140     12 0.20
 80.00000   1.14639   0.12140     12 0.20
 85.00000   1.14639   0.12140     12 0.20
 90.00000   1.20991   0.09441     16 0.20
 95.00000   1.20991   0.09441     16 0.20
100.00000   1.17981   0.10347     16 0.20
105.00000   1.15681   0.09974     17 0.20
110.00000   1.20592   0.09051     16 0.20
115.00000   1.18783   0.09131     16 0.20
120.00000   1.18783   0.09131     16 0.20
125.00000   1.02873   0.10293     20 0.20
130.00000   1.23980   0.07627     20 0.20
135.00000   1.23980   0.07627     20 0.20
140.00000   1.20323   0.08307     21 0.20
145.00000   1.19539   0.08221     21 0.20
150.00000   1.23455   0.07289     20 0.20
155.00000   1.22951   0.07505     20 0.20
160.00000   1.22951   0.07505     20 0.20
165.00000   0.89855   0.10624     24 0.20
170.00000   1.16876   0.08033     22 0.20
175.00000   1.17401   0.08431     21 0.20
180.00000   1.15650   0.08218     22 0.20
185.00000   1.15828   0.08233     22 0.20
190.00000   1.22441   0.07159     20 0.20
195.00000   1.21937   0.07375     20 0.20
200.00000   0.87348   0.10902     24 0.20
205.00000   1.25589   0.08093     23 0.20
210.00000   1.24210   0.08711     23 0.20
215.00000   1.15828   0.08233     22 0.20
220.00000   1.15828   0.08233     22 0.20
225.00000   0.93095   0.10725     29 0.20
230.00000   1.10870   0.07823     24 0.20
235.00000   0.80948   0.08296     32 0.20
240.00000   0.80620   0.08553     32 0.20
245.00000   0.98798   0.08430     29 0.20
250.00000   0.85805   0.08510     38 0.20
255.00000   0.91472   0.07122     37 0.20
260.00000   0.89858   0.07903     35 0.20
265.00000   0.88824   0.08865     35 0.20
270.00000   0.76315   0.07790     36 0.20
275.00000   0.63525   0.08103     39 0.20
280.00000   0.93836   0.08074     32 0.20
285.00000   0.89858   0.07903     35 0.20
290.00000   0.78402   0.07528     37 0.20
295.00000   0.92176   0.07191     36 0.20
300.00000   0.78402   0.07528     37 0.20
305.00000   0.76315   0.07790     36 0.20
310.00000   0.70480   0.08541     36 0.20
315.00000   0.76203   0.08493     34 0.20
320.00000   0.92176   0.07191     36 0.20
325.00000   0.74124   0.07200     41 0.20
330.00000   0.92176   0.07191     36 0.20
335.00000   0.90776   0.08105     35 0.20
340.00000   0.63335   0.07894     37 0.20
345.00000   0.73123   0.08274     36 0.20
350.00000   0.74124   0.07200     41 0.20
355.00000   0.92176   0.07191     36 0.20
360.00000   0.90776   0.08105     35 0.20
365.00000   0.95921   0.07258     35 0.20
370.00000   0.73371   0.08361     36 0.20
375.00000   0.62815   0.07535     39 0.20
380.00000   0.73123   0.08274     36 0.20
385.00000   0.75902   0.08053     36 0.20
390.00000   0.94905   0.07034     35 0.20
395.00000   0.90776   0.08105     35 0.20
400.00000   0.96924   0.07470     35 0.20
