  0.00000   1.00000   0.11678     14 0.35
  5.00000   1.00000   0.11678     14 0.35
 10.00000   1.00233   0.11745     14 0.35
 15.00000   1.00233   0.11745     14 0.35
 20.00000   1.00233   0.11745     14 0.35
 25.00000   0.96914   0.11812     15 0.35
 30.00000   1.00466   0.11811     14 0.35
 35.00000   1.00466   0.11811     14 0.35
 40.00000   1.00466   0.11811     14 0.35
 45.00000   1.00699   0.11877     14 0.35
 50.00000   1.13816   0.08850     21 0.35
 55.00000   1.11759   0.08565     21 0.35
 60.00000   1.11914   0.08594     21 0.35
 65.00000   1.10404   0.09181     21 0.35
 70.00000   1.15090   0.08874     21 0.35
 75.00000   1.14765   0.09038     21 0.35
 80.00000   1.14765   0.09038     21 0.35
 85.00000   1.14921   0.09063     21 0.35
 90.00000   1.21203   0.07072     28 0.35
 95.00000   1.21203   0.07072     28 0.35
100.00000   1.19336   0.07449     28 0.35
105.00000   1.17941   0.07315     29 0.35
110.00000   1.20828   0.06885     28 0.35
115.00000   1.19794   0.06923     28 0.35
120.00000   1.19794   0.06923     28 0.35
125.00000   1.03682   0.07809     35 0.35
130.00000   1.25193   0.05801     35 0.35
135.00000   1.25193   0.05801     35 0.35
140.00000   1.23026   0.06122     36 0.35
145.00000   1.22226   0.06064     36 0.35
150.00000   1.24658   0.05654     35 0.35
155.00000   1.24370   0.05746     35 0.35
160.00000   1.24370   0.05746     35 0.35
165.00000   1.10181   0.06883     42 0.35
170.00000   1.26984   0.04863     42 0.35
175.00000   1.25555   0.05126     42 0.35
180.00000   1.24469   0.05118     43 0.35
185.00000   1.24469   0.05118     43 0.35
190.00000   1.26762   0.04762     42 0.35
195.00000   1.26522   0.04840     42 0.35
200.00000   1.14053   0.06049     49 0.35
205.00000   1.32980   0.04335     53 0.35
210.00000   1.32382   0.04569     53 0.35
215.00000   1.26829   0.04480     50 0.35
220.00000   1.26829   0.04480     50 0.35
225.00000   1.07324   0.06539     63 0.35
230.00000   1.19120   0.04796     56 0.35
235.00000   1.06016   0.05022     70 0.35
240.00000   1.06031   0.05275     70 0.35
245.00000   1.14271   0.04876     70 0.35
250.00000   1.01850   0.05555     86 0.35
255.00000   1.07121   0.04673     81 0.35
260.00000   1.06638   0.04629     81 0.35
265.00000   0.99916   0.05338     90 0.35
270.00000   0.91262   0.04846     91 0.35
275.00000   0.82151   0.05102    104 0.35
280.00000   0.97943   0.04492     94 0.35
285.00000   0.96800   0.04240    100 0.35
290.00000   0.89524   0.04567    112 0.35
295.00000   0.93819   0.04069    108 0.35
300.00000   0.90963   0.04634    112 0.35
305.00000   0.85937   0.04250    108 0.35
310.00000   0.81677   0.04632    107 0.35
315.00000   0.89434   0.04890    106 0.35
320.00000   0.93902   0.04061    107 0.35
325.00000   0.86355   0.04494    119 0.35
330.00000   0.93902   0.04061    107 0.35
335.00000   0.94996   0.04441    109 0.35
340.00000   0.79185   0.04794    111 0.35
345.00000   0.83279   0.04461    107 0.35
350.00000   0.86366   0.04499    118 0.35
355.00000   0.93902   0.04061    107 0.35
360.00000   0.95088   0.04440    108 0.35
365.00000   0.96265   0.04130    105 0.35
370.00000   0.83331   0.04525    106 0.35
375.00000   0.77649   0.04666    116 0.35
380.00000   0.82962   0.04521    106 0.35
385.00000   0.86161   0.04688    111 0.35
390.00000   0.95110   0.03987    105 0.35
395.00000   0.94224   0.04404    107 0.35
400.00000   0.96599   0.04147    104 0.35
