  0.00000   1.00000   0.10872     16 0.40
  5.00000   1.00000   0.10872     16 0.40
 10.00000   1.00204   0.10926     16 0.40
 15.00000   1.00204   0.10926     16 0.40
 20.00000   1.00204   0.10926     16 0.40
 25.00000   0.97277   0.10992     17 0.40
 30.00000   1.00408   0.10980     16 0.40
 35.00000   1.00408   0.10980     16 0.40
 40.00000   1.00408   0.10980     16 0.40
 45.00000   1.00612   0.11034     16 0.40
 50.00000   1.13758   0.08244     24 0.40
 55.00000   1.11786   0.07987     24 0.40
 60.00000   1.11922   0.08011     24 0.40
 65.00000   1.10601   0.08493     24 0.40
 70.00000   1.15094   0.08296     24 0.40
 75.00000   1.14810   0.08430     24 0.40
 80.00000   1.14810   0.08430     24 0.40
 85.00000   1.14946   0.08450     24 0.40
 90.00000   1.21222   0.06599     32 0.40
 95.00000   1.21222   0.06599     32 0.40
100.00000   1.19304   0.06894     32 0.40
105.00000   1.18080   0.06788     33 0.40
110.00000   1.20610   0.06433     32 0.40
115.00000   1.19963   0.06478     32 0.40
120.00000   1.19963   0.06478     32 0.40
125.00000   1.03817   0.07309     40 0.40
130.00000   1.25396   0.05431     40 0.40
135.00000   1.25396   0.05431     40 0.40
140.00000   1.23488   0.05698     41 0.40
145.00000   1.22685   0.05645     41 0.40
150.00000   1.24824   0.05306     40 0.40
155.00000   1.24573   0.05381     40 0.40
160.00000   1.24573   0.05381     40 0.40
165.00000   1.10349   0.06445     48 0.40
170.00000   1.27152   0.04553     48 0.40
175.00000   1.25902   0.04769     48 0.40
180.00000   1.24942   0.04765     49 0.40
185.00000   1.24942   0.04765     49 0.40
190.00000   1.27069   0.04479     48 0.40
195.00000   1.26859   0.04543     48 0.40
200.00000   1.14341   0.05675     56 0.40
205.00000   1.32722   0.04051     60 0.40
210.00000   1.32193   0.04246     60 0.40
215.00000   1.27313   0.04171     57 0.40
220.00000   1.27313   0.04171     57 0.40
225.00000   1.08939   0.06008     71 0.40
230.00000   1.19373   0.04501     64 0.40
235.00000   1.06219   0.04712     80 0.40
240.00000   1.06105   0.04933     80 0.40
245.00000   1.14693   0.04541     80 0.40
250.00000   1.02823   0.05057     97 0.40
255.00000   1.07853   0.04389     92 0.40
260.00000   1.07340   0.04346     92 0.40
265.00000   1.00539   0.04864    102 0.40
270.00000   1.00611   0.04218    104 0.40
275.00000   0.90890   0.04689    119 0.40
280.00000   1.02695   0.04071    112 0.40
285.00000   1.01485   0.03889    118 0.40
290.00000   0.93874   0.04225    133 0.40
295.00000   0.98311   0.03766    127 0.40
300.00000   0.96133   0.04089    135 0.40
305.00000   0.88611   0.03794    136 0.40
310.00000   0.84461   0.04085    136 0.40
315.00000   0.90840   0.04222    138 0.40
320.00000   0.94406   0.03566    139 0.40
325.00000   0.87896   0.03930    153 0.40
330.00000   0.94406   0.03566    139 0.40
335.00000   0.95626   0.03867    142 0.40
340.00000   0.81842   0.04152    144 0.40
345.00000   0.85224   0.03867    139 0.40
350.00000   0.87853   0.03927    152 0.40
355.00000   0.94406   0.03566    139 0.40
360.00000   0.95635   0.03861    141 0.40
365.00000   0.96414   0.03620    137 0.40
370.00000   0.85284   0.03899    138 0.40
375.00000   0.80268   0.04061    150 0.40
380.00000   0.84927   0.03900    138 0.40
385.00000   0.87567   0.04056    145 0.40
390.00000   0.95276   0.03498    137 0.40
395.00000   0.94911   0.03832    140 0.40
400.00000   0.96564   0.03621    136 0.40
