  0.00000   1.00000   0.24311      4 0.10
  5.00000   1.00000   0.24311      4 0.10
 10.00000   1.00816   0.24791      4 0.10
 15.00000   1.00816   0.24791      4 0.10
 20.00000   1.00816   0.24791      4 0.10
 25.00000   0.90741   0.23751      5 0.10
 30.00000   1.01632   0.25253      4 0.10
 35.00000   1.01632   0.25253      4 0.10
 40.00000   1.01632   0.25253      4 0.10
 45.00000   1.01632   0.25253      4 0.10
 50.00000   1.14438   0.17907      6 0.10
 55.00000   1.11493   0.17016      6 0.10
 60.00000   1.11493   0.17016      6 0.10
 65.00000   1.06208   0.20755      6 0.10
 70.00000   1.14745   0.16527      6 0.10
 75.00000   1.13066   0.17532      6 0.10
 80.00000   1.12723   0.17384      6 0.10
 85.00000   1.12723   0.17384      6 0.10
 90.00000   1.04637   0.16871      7 0.10
 95.00000   1.04637   0.16871      7 0.10
100.00000   1.06208   0.20755      6 0.10
105.00000   1.02306   0.17921      7 0.10
110.00000   1.13173   0.16011      6 0.10
115.00000   1.10914   0.16776      6 0.10
120.00000   1.10914   0.16776      6 0.10
125.00000   0.59294   0.18247      8 0.10
130.00000   1.11292   0.16903      6 0.10
135.00000   1.11292   0.16903      6 0.10
140.00000   1.02133   0.17830      7 0.10
145.00000   1.00958   0.17425      7 0.10
150.00000   1.12593   0.15768      6 0.10
155.00000   1.10914   0.16776      6 0.10
160.00000   1.10914   0.16776      6 0.10
165.00000   0.59294   0.18247      8 0.10
170.00000   1.11292   0.16903      6 0.10
175.00000   1.06007   0.20653      6 0.10
180.00000   1.02133   0.17830      7 0.10
185.00000   1.02985   0.18106      7 0.10
190.00000   1.12593   0.15768      6 0.10
195.00000   1.10914   0.16776      6 0.10
200.00000   0.59294   0.18247      8 0.10
205.00000   1.16152   0.18953      6 0.10
210.00000   1.10867   0.22590      6 0.10
215.00000   1.02985   0.18106      7 0.10
220.00000   1.02985   0.18106      7 0.10
225.00000   0.64824   0.14461     10 0.10
230.00000   0.97659   0.15035      8 0.10
235.00000   0.61029   0.14440     10 0.10
240.00000   0.65571   0.14860      9 0.10
245.00000   0.86050   0.19980      8 0.10
250.00000   0.70159   0.15405      9 0.10
255.00000   0.88386   0.14935     10 0.10
260.00000   0.85996   0.17819      9 0.10
265.00000   0.71754   0.16486      8 0.10
270.00000   0.59837   0.14886     10 0.10
275.00000   0.38447   0.11896     11 0.10
280.00000   0.90759   0.18897      8 0.10
285.00000   0.85996   0.17819      9 0.10
290.00000   0.70159   0.15405      9 0.10
295.00000   0.88386   0.14935     10 0.10
300.00000   0.70159   0.15405      9 0.10
305.00000   0.59837   0.14886     10 0.10
310.00000   0.55559   0.19124     10 0.10
315.00000   0.59906   0.19104      8 0.10
320.00000   0.88386   0.14935     10 0.10
325.00000   0.63220   0.13605     11 0.10
330.00000   0.88386   0.14935     10 0.10
335.00000   0.88905   0.19112      9 0.10
340.00000   0.46660   0.17118      9 0.10
345.00000   0.58730   0.18844     10 0.10
350.00000   0.63220   0.13605     11 0.10
355.00000   0.88386   0.14935     10 0.10
360.00000   0.88905   0.19112      9 0.10
365.00000   0.99373   0.15900      9 0.10
370.00000   0.57609   0.19399     10 0.10
375.00000   0.50238   0.16737      9 0.10
380.00000   0.58730   0.18844     10 0.10
385.00000   0.70193   0.19348      8 0.10
390.00000   0.96338   0.14535      9 0.10
395.00000   0.88905   0.19112      9 0.10
400.00000   1.05191   0.18077      9 0.10
