  0.00000   1.00000   0.14036     10 0.25
  5.00000   1.00000   0.14036     10 0.25
 10.00000   1.00326   0.14148     10 0.25
 15.00000   1.00326   0.14148     10 0.25
 20.00000   1.00326   0.14148     10 0.25
 25.00000   0.95792   0.14192     11 0.25
 30.00000   1.00653   0.14258     10 0.25
 35.00000   1.00653   0.14258     10 0.25
 40.00000   1.00653   0.14258     10 0.25
 45.00000   1.00979   0.14367     10 0.25
 50.00000   1.14003   0.10616     15 0.25
 55.00000   1.11671   0.10234     15 0.25
 60.00000   1.11888   0.10282     15 0.25
 65.00000   1.09774   0.11248     15 0.25
 70.00000   1.15076   0.10519     15 0.25
 75.00000   1.14953   0.10815     15 0.25
 80.00000   1.14953   0.10815     15 0.25
 85.00000   1.14953   0.10815     15 0.25
 90.00000   1.21227   0.08417     20 0.25
 95.00000   1.21227   0.08417     20 0.25
100.00000   1.18613   0.09050     20 0.25
105.00000   1.16722   0.08803     21 0.25
110.00000   1.20702   0.08120     20 0.25
115.00000   1.19255   0.08179     20 0.25
120.00000   1.19255   0.08179     20 0.25
125.00000   1.03251   0.09223     25 0.25
130.00000   1.24546   0.06843     25 0.25
135.00000   1.24546   0.06843     25 0.25
140.00000   1.21571   0.07349     26 0.25
145.00000   1.20779   0.07277     26 0.25
150.00000   1.24126   0.06620     25 0.25
155.00000   1.23723   0.06773     25 0.25
160.00000   1.23723   0.06773     25 0.25
165.00000   1.09642   0.08113     30 0.25
170.00000   1.26444   0.05737     30 0.25
175.00000   1.24444   0.06165     30 0.25
180.00000   1.22974   0.06135     31 0.25
185.00000   1.22938   0.06122     31 0.25
190.00000   1.25742   0.05515     30 0.25
195.00000   1.25406   0.05645     30 0.25
200.00000   0.96117   0.08734     35 0.25
205.00000   1.27089   0.06327     35 0.25
210.00000   1.26183   0.06673     35 0.25
215.00000   1.18837   0.06415     33 0.25
220.00000   1.18837   0.06415     33 0.25
225.00000   0.99316   0.08644     42 0.25
230.00000   1.15222   0.06238     35 0.25
235.00000   0.88323   0.07022     45 0.25
240.00000   0.88217   0.07270     45 0.25
245.00000   1.03794   0.06793     42 0.25
250.00000   0.91660   0.07190     53 0.25
255.00000   0.96697   0.06051     51 0.25
260.00000   0.97120   0.06056     50 0.25
265.00000   0.90830   0.06837     55 0.25
270.00000   0.80692   0.06046     56 0.25
275.00000   0.71484   0.06691     59 0.25
280.00000   0.93897   0.06220     51 0.25
285.00000   0.90512   0.06132     55 0.25
290.00000   0.85807   0.06526     58 0.25
295.00000   0.92557   0.05678     56 0.25
300.00000   0.88260   0.06678     58 0.25
305.00000   0.80692   0.06046     56 0.25
310.00000   0.75142   0.06776     55 0.25
315.00000   0.84962   0.07176     54 0.25
320.00000   0.93038   0.05711     55 0.25
325.00000   0.81780   0.06322     63 0.25
330.00000   0.93038   0.05711     55 0.25
335.00000   0.93187   0.06377     55 0.25
340.00000   0.68389   0.06364     57 0.25
345.00000   0.77449   0.06556     55 0.25
350.00000   0.77297   0.05825     62 0.25
355.00000   0.93038   0.05711     55 0.25
360.00000   0.91614   0.06295     54 0.25
365.00000   0.95743   0.05732     54 0.25
370.00000   0.77794   0.06594     55 0.25
375.00000   0.67362   0.06117     60 0.25
380.00000   0.77449   0.06556     55 0.25
385.00000   0.78768   0.06374     56 0.25
390.00000   0.95009   0.05603     54 0.25
395.00000   0.91614   0.06295     54 0.25
400.00000   0.96449   0.05852     54 0.25
