  0.00000   1.00000   0.18831      6 0.15
  5.00000   1.00000   0.18831      6 0.15
 10.00000   1.00544   0.19080      6 0.15
 15.00000   1.00544   0.19080      6 0.15
 20.00000   1.00544   0.19080      6 0.15
 25.00000   0.93387   0.18867      7 0.15
 30.00000   1.01088   0.19324      6 0.15
 35.00000   1.01088   0.19324      6 0.15
 40.00000   1.01088   0.19324      6 0.15
 45.00000   1.01632   0.19561      6 0.15
 50.00000   1.14438   0.14157      9 0.15
 55.00000   1.12018   0.13592      9 0.15
 60.00000   1.12018   0.13592      9 0.15
 65.00000   1.08494   0.15647      9 0.15
 70.00000   1.15234   0.13591      9 0.15
 75.00000   1.14115   0.14114      9 0.15
 80.00000   1.14115   0.14114      9 0.15
 85.00000   1.14115   0.14114      9 0.15
 90.00000   1.20598   0.10960     12 0.15
 95.00000   1.20598   0.10960     12 0.15
100.00000   1.16927   0.12385     12 0.15
105.00000   1.14001   0.11742     13 0.15
110.00000   1.20409   0.10395     12 0.15
115.00000   1.18074   0.10506     12 0.15
120.00000   1.18074   0.10506     12 0.15
125.00000   0.78004   0.13632     15 0.15
130.00000   1.14121   0.10984     13 0.15
135.00000   1.14121   0.10984     13 0.15
140.00000   1.09340   0.11541     14 0.15
145.00000   1.12549   0.11457     13 0.15
150.00000   1.18913   0.10094     12 0.15
155.00000   1.18074   0.10506     12 0.15
160.00000   1.18074   0.10506     12 0.15
165.00000   0.78004   0.13632     15 0.15
170.00000   1.13395   0.10835     13 0.15
175.00000   1.14810   0.11973     12 0.15
180.00000   1.12047   0.11334     13 0.15
185.00000   1.12735   0.11460     13 0.15
190.00000   1.18009   0.09913     12 0.15
195.00000   1.17169   0.10325     12 0.15
200.00000   0.74622   0.14153     15 0.15
205.00000   1.24594   0.11138     13 0.15
210.00000   1.22155   0.12535     13 0.15
215.00000   1.12735   0.11460     13 0.15
220.00000   1.12735   0.11460     13 0.15
225.00000   0.75456   0.11783     18 0.15
230.00000   1.05314   0.10352     15 0.15
235.00000   0.71282   0.10095     21 0.15
240.00000   0.73540   0.10233     20 0.15
245.00000   0.88790   0.12078     18 0.15
250.00000   0.74873   0.10071     21 0.15
255.00000   0.90822   0.09705     21 0.15
260.00000   0.88283   0.10938     20 0.15
265.00000   0.77250   0.10607     19 0.15
270.00000   0.70430   0.10344     21 0.15
275.00000   0.51532   0.09394     23 0.15
280.00000   0.92811   0.11331     18 0.15
285.00000   0.88283   0.10938     20 0.15
290.00000   0.74873   0.10071     21 0.15
295.00000   0.90822   0.09705     21 0.15
300.00000   0.74873   0.10071     21 0.15
305.00000   0.70430   0.10344     21 0.15
310.00000   0.63305   0.11347     21 0.15
315.00000   0.70592   0.11754     19 0.15
320.00000   0.90822   0.09705     21 0.15
325.00000   0.69726   0.09402     24 0.15
330.00000   0.90822   0.09705     21 0.15
335.00000   0.89741   0.11368     20 0.15
340.00000   0.56011   0.10321     21 0.15
345.00000   0.66325   0.11040     21 0.15
350.00000   0.69726   0.09402     24 0.15
355.00000   0.90822   0.09705     21 0.15
360.00000   0.89741   0.11368     20 0.15
365.00000   0.96598   0.09927     20 0.15
370.00000   0.66271   0.11256     21 0.15
375.00000   0.56616   0.09816     22 0.15
380.00000   0.66325   0.11040     21 0.15
385.00000   0.72079   0.10932     20 0.15
390.00000   0.95027   0.09459     20 0.15
395.00000   0.89741   0.11368     20 0.15
400.00000   0.98205   0.10367     20 0.15
