  0.00000   1.00000   0.42107      2 0.05
  5.00000   1.00000   0.42107      2 0.05
 10.00000   1.01632   0.43739      2 0.05
 15.00000   1.01632   0.43739      2 0.05
 20.00000   1.01632   0.43739      2 0.05
 25.00000   0.83481   0.34305      3 0.05
 30.00000   1.01632   0.43739      2 0.05
 35.00000   1.01632   0.43739      2 0.05
 40.00000   1.01632   0.43739      2 0.05
 45.00000   0.99113   0.41220      2 0.05
 50.00000   0.84403   0.27833      3 0.05
 55.00000   0.96914   0.39021      2 0.05
 60.00000   0.96914   0.39021      2 0.05
 65.00000   0.81057   0.54878      2 0.05
 70.00000   1.01951   0.33984      2 0.05
 75.00000   0.96914   0.39021      2 0.05
 80.00000   0.98404   0.40511      2 0.05
 85.00000   0.98404   0.40511      2 0.05
 90.00000   0.98971   0.41078      2 0.05
 95.00000   0.98971   0.41078      2 0.05
100.00000   0.81057   0.54878      2 0.05
105.00000   0.80336   0.31497      3 0.05
110.00000   1.01951   0.33984      2 0.05
115.00000   0.98404   0.40511      2 0.05
120.00000   0.98404   0.40511      2 0.05
125.00000   0.33747   0.15765      3 0.05
130.00000   0.98971   0.41078      2 0.05
135.00000   0.98971   0.41078      2 0.05
140.00000   0.81707   0.32714      3 0.05
145.00000   0.80336   0.31497      3 0.05
150.00000   1.03441   0.35474      2 0.05
155.00000   0.98404   0.40511      2 0.05
160.00000   0.98404   0.40511      2 0.05
165.00000   0.33747   0.15765      3 0.05
170.00000   0.98971   0.41078      2 0.05
175.00000   0.83115   0.56935      2 0.05
180.00000   0.81707   0.32714      3 0.05
185.00000   0.90434   0.40688      3 0.05
190.00000   1.03441   0.35474      2 0.05
195.00000   0.98404   0.40511      2 0.05
200.00000   0.33747   0.15765      3 0.05
205.00000   1.12061   0.54168      2 0.05
210.00000   0.96204   0.70025      2 0.05
215.00000   0.90434   0.40688      3 0.05
220.00000   0.96559   0.69670      2 0.05
225.00000   0.52536   0.25647      2 0.05
230.00000   0.98404   0.40511      2 0.05
235.00000   0.37105   0.18463      3 0.05
240.00000   0.48563   0.09330      2 0.05
245.00000   0.83115   0.56935      2 0.05
250.00000   0.78184       NaN      1 0.05
255.00000   0.90434   0.40688      3 0.05
260.00000   0.96559   0.69670      2 0.05
265.00000   0.67967       NaN      1 0.05
270.00000   0.48563   0.09330      2 0.05
275.00000   0.16081   0.11578      3 0.05
280.00000   0.96204   0.70025      2 0.05
285.00000   0.96559   0.69670      2 0.05
290.00000   0.78184       NaN      1 0.05
295.00000   0.90434   0.40688      3 0.05
300.00000   0.78184       NaN      1 0.05
305.00000   0.48563   0.09330      2 0.05
310.00000   0.26179       NaN      1 0.05
315.00000   0.04895       NaN      1 0.05
320.00000   0.90434   0.40688      3 0.05
325.00000   0.52536   0.25647      2 0.05
330.00000   0.90434   0.40688      3 0.05
335.00000   0.96559   0.69670      2 0.05
340.00000   0.04895       NaN      1 0.05
345.00000   0.26179       NaN      1 0.05
350.00000   0.52536   0.25647      2 0.05
355.00000   0.90434   0.40688      3 0.05
360.00000   0.96559   0.69670      2 0.05
365.00000   1.22206   0.44023      2 0.05
370.00000   0.04895       NaN      1 0.05
375.00000   0.04895       NaN      1 0.05
380.00000   0.26179       NaN      1 0.05
385.00000   0.26889       NaN      1 0.05
390.00000   1.22206   0.44023      2 0.05
395.00000   0.96559   0.69670      2 0.05
400.00000   1.22206   0.44023      2 0.05
