  0.00000   1.00000   0.02947    155 0.25
  5.00000   1.04215   0.04207    155 0.25
 10.00000   1.03369   0.04092    160 0.25
 15.00000   1.02588   0.03987    165 0.25
 20.00000   0.98082   0.04030    166 0.25
 25.00000   0.97298   0.04081    166 0.25
 30.00000   1.00038   0.04686    165 0.25
 35.00000   0.95161   0.04729    165 0.25
 40.00000   0.88906   0.04586    179 0.25
 45.00000   0.90900   0.04580    190 0.25
 50.00000   0.87289   0.04224    194 0.25
 55.00000   0.83757   0.03934    191 0.25
 60.00000   0.85526   0.04402    181 0.25
 65.00000   0.77520   0.03926    185 0.25
 70.00000   0.75201   0.03819    192 0.25
 75.00000   0.71010   0.03404    195 0.25
 80.00000   0.68571   0.03181    191 0.25
 85.00000   0.68804   0.03186    191 0.25
 90.00000   0.64542   0.02987    208 0.25
 95.00000   0.65080   0.02815    202 0.25
100.00000   0.57781   0.02142    206 0.25
105.00000   0.58528   0.02130    214 0.25
110.00000   0.58096   0.02163    202 0.25
115.00000   0.55364   0.02198    206 0.25
120.00000   0.55979   0.02164    202 0.25
125.00000   0.55257   0.02134    204 0.25
130.00000   0.57511   0.02327    212 0.25
135.00000   0.56953   0.02330    211 0.25
140.00000   0.55642   0.02059    210 0.25
145.00000   0.57343   0.02052    205 0.25
150.00000   0.55342   0.02040    211 0.25
155.00000   0.52541   0.02033    217 0.25
160.00000   0.53824   0.01922    221 0.25
165.00000   0.52878   0.01985    221 0.25
170.00000   0.54526   0.01944    216 0.25
175.00000   0.53732   0.02186    226 0.25
180.00000   0.54827   0.02128    218 0.25
185.00000   0.51941   0.01995    222 0.25
190.00000   0.50560   0.01989    226 0.25
195.00000   0.51791   0.01975    224 0.25
200.00000   0.50949   0.01991    228 0.25
205.00000   0.50916   0.01927    229 0.25
210.00000   0.50858   0.01934    225 0.25
215.00000   0.51036   0.02136    233 0.25
220.00000   0.51414   0.02097    234 0.25
225.00000   0.49431   0.02017    242 0.25
230.00000   0.47726   0.01954    234 0.25
235.00000   0.48770   0.01913    243 0.25
240.00000   0.49281   0.01919    234 0.25
245.00000   0.50110   0.01920    231 0.25
250.00000   0.50884   0.01956    230 0.25
255.00000   0.51248   0.02128    238 0.25
260.00000   0.46878   0.02085    251 0.25
265.00000   0.49183   0.02058    241 0.25
270.00000   0.49096   0.01946    237 0.25
275.00000   0.49556   0.01955    237 0.25
280.00000   0.49399   0.01950    232 0.25
285.00000   0.48672   0.02000    232 0.25
290.00000   0.49974   0.02062    249 0.25
295.00000   0.47258   0.02064    254 0.25
300.00000   0.46140   0.02080    255 0.25
305.00000   0.50224   0.02148    234 0.25
310.00000   0.49839   0.02137    235 0.25
315.00000   0.50899   0.02056    228 0.25
320.00000   0.50365   0.02091    233 0.25
325.00000   0.50065   0.02116    220 0.25
330.00000   0.47482   0.02206    235 0.25
335.00000   0.47215   0.02198    236 0.25
340.00000   0.48482   0.02218    233 0.25
345.00000   0.49861   0.02233    224 0.25
350.00000   0.48333   0.02054    230 0.25
355.00000   0.49770   0.02159    224 0.25
360.00000   0.45818   0.02128    239 0.25
365.00000   0.47711   0.02323    227 0.25
370.00000   0.48073   0.02353    222 0.25
375.00000   0.48782   0.02306    218 0.25
380.00000   0.48979   0.02279    221 0.25
385.00000   0.50535   0.02314    217 0.25
390.00000   0.51424   0.02282    209 0.25
395.00000   0.47788   0.02226    218 0.25
400.00000   0.49531   0.02384    217 0.25
