  0.00000   1.00000   0.01862    392 0.40
  5.00000   1.02669   0.02394    392 0.40
 10.00000   1.02161   0.02353    400 0.40
 15.00000   1.01720   0.02314    408 0.40
 20.00000   0.98906   0.02336    409 0.40
 25.00000   0.98531   0.02354    409 0.40
 30.00000   1.00793   0.02686    408 0.40
 35.00000   0.97350   0.02711    408 0.40
 40.00000   0.93160   0.02681    431 0.40
 45.00000   0.94720   0.02724    451 0.40
 50.00000   0.92195   0.02557    458 0.40
 55.00000   0.91642   0.02608    458 0.40
 60.00000   0.92920   0.02789    439 0.40
 65.00000   0.89405   0.02760    447 0.40
 70.00000   0.88392   0.02742    458 0.40
 75.00000   0.87153   0.02751    467 0.40
 80.00000   0.85083   0.02779    457 0.40
 85.00000   0.85828   0.02826    458 0.40
 90.00000   0.82480   0.02625    490 0.40
 95.00000   0.82294   0.02620    481 0.40
100.00000   0.78236   0.02562    484 0.40
105.00000   0.76404   0.02334    502 0.40
110.00000   0.76034   0.02404    487 0.40
115.00000   0.71524   0.02263    498 0.40
120.00000   0.70651   0.02171    486 0.40
125.00000   0.67486   0.02139    506 0.40
130.00000   0.68512   0.02011    520 0.40
135.00000   0.67326   0.02013    527 0.40
140.00000   0.67572   0.02101    514 0.40
145.00000   0.65357   0.01708    500 0.40
150.00000   0.63293   0.01721    510 0.40
155.00000   0.60998   0.01646    518 0.40
160.00000   0.61703   0.01664    526 0.40
165.00000   0.57411   0.01355    524 0.40
170.00000   0.58548   0.01331    516 0.40
175.00000   0.57939   0.01437    532 0.40
180.00000   0.58790   0.01407    515 0.40
185.00000   0.56458   0.01357    522 0.40
190.00000   0.55866   0.01360    532 0.40
195.00000   0.56616   0.01342    533 0.40
200.00000   0.55445   0.01343    540 0.40
205.00000   0.54948   0.01312    535 0.40
210.00000   0.55183   0.01310    528 0.40
215.00000   0.55162   0.01394    546 0.40
220.00000   0.55843   0.01383    546 0.40
225.00000   0.53590   0.01332    562 0.40
230.00000   0.52789   0.01309    548 0.40
235.00000   0.53321   0.01287    561 0.40
240.00000   0.53835   0.01280    552 0.40
245.00000   0.54402   0.01269    551 0.40
250.00000   0.54142   0.01259    550 0.40
255.00000   0.54510   0.01351    559 0.40
260.00000   0.51268   0.01348    576 0.40
265.00000   0.52149   0.01311    568 0.40
270.00000   0.51953   0.01256    566 0.40
275.00000   0.52925   0.01244    574 0.40
280.00000   0.52788   0.01251    561 0.40
285.00000   0.52261   0.01251    565 0.40
290.00000   0.53139   0.01299    587 0.40
295.00000   0.50957   0.01300    587 0.40
300.00000   0.50141   0.01297    598 0.40
305.00000   0.52169   0.01278    578 0.40
310.00000   0.52010   0.01262    580 0.40
315.00000   0.52507   0.01218    575 0.40
320.00000   0.51892   0.01214    588 0.40
325.00000   0.52386   0.01216    569 0.40
330.00000   0.51097   0.01278    593 0.40
335.00000   0.50663   0.01276    593 0.40
340.00000   0.50996   0.01269    593 0.40
345.00000   0.51466   0.01259    579 0.40
350.00000   0.50402   0.01187    594 0.40
355.00000   0.51826   0.01207    583 0.40
360.00000   0.49403   0.01202    603 0.40
365.00000   0.50430   0.01274    600 0.40
370.00000   0.50895   0.01287    595 0.40
375.00000   0.51251   0.01269    587 0.40
380.00000   0.51762   0.01266    584 0.40
385.00000   0.51740   0.01271    580 0.40
390.00000   0.52613   0.01237    565 0.40
395.00000   0.50119   0.01222    582 0.40
400.00000   0.51073   0.01281    589 0.40
