  0.00000   1.00000   0.04829     57 0.15
  5.00000   1.06864   0.07954     57 0.15
 10.00000   1.05371   0.07599     60 0.15
 15.00000   1.03874   0.07289     63 0.15
 20.00000   0.96373   0.07346     64 0.15
 25.00000   0.94579   0.07498     64 0.15
 30.00000   0.96755   0.08382     63 0.15
 35.00000   0.90328   0.08420     63 0.15
 40.00000   0.80738   0.07849     71 0.15
 45.00000   0.82100   0.07586     76 0.15
 50.00000   0.73582   0.05800     76 0.15
 55.00000   0.65588   0.03562     75 0.15
 60.00000   0.62654   0.03384     70 0.15
 65.00000   0.55638   0.03603     73 0.15
 70.00000   0.55914   0.03489     71 0.15
 75.00000   0.55540   0.03458     75 0.15
 80.00000   0.55635   0.03308     73 0.15
 85.00000   0.56673   0.03328     72 0.15
 90.00000   0.54980   0.03922     80 0.15
 95.00000   0.57223   0.03289     77 0.15
100.00000   0.52819   0.03186     82 0.15
105.00000   0.53214   0.03192     86 0.15
110.00000   0.52755   0.03244     78 0.15
115.00000   0.48569   0.03307     80 0.15
120.00000   0.51035   0.03276     80 0.15
125.00000   0.49688   0.03163     82 0.15
130.00000   0.52936   0.03713     86 0.15
135.00000   0.51867   0.03723     85 0.15
140.00000   0.51988   0.03177     83 0.15
145.00000   0.53981   0.03281     80 0.15
150.00000   0.51032   0.03239     82 0.15
155.00000   0.46081   0.03191     86 0.15
160.00000   0.49725   0.03068     88 0.15
165.00000   0.49095   0.03233     86 0.15
170.00000   0.51869   0.03273     82 0.15
175.00000   0.50365   0.03738     88 0.15
180.00000   0.51517   0.03728     85 0.15
185.00000   0.48914   0.03335     86 0.15
190.00000   0.45603   0.03460     84 0.15
195.00000   0.47481   0.03570     81 0.15
200.00000   0.47859   0.03646     80 0.15
205.00000   0.49276   0.03457     84 0.15
210.00000   0.49179   0.03496     83 0.15
215.00000   0.49067   0.04111     81 0.15
220.00000   0.47739   0.03927     82 0.15
225.00000   0.47881   0.03845     83 0.15
230.00000   0.44466   0.03689     78 0.15
235.00000   0.44983   0.03586     84 0.15
240.00000   0.47283   0.03712     79 0.15
245.00000   0.48610   0.03753     78 0.15
250.00000   0.52414   0.03773     73 0.15
255.00000   0.51432   0.04232     74 0.15
260.00000   0.45480   0.03978     83 0.15
265.00000   0.49836   0.04166     76 0.15
270.00000   0.50004   0.03763     76 0.15
275.00000   0.49292   0.03729     78 0.15
280.00000   0.49259   0.03824     76 0.15
285.00000   0.49688   0.03908     74 0.15
290.00000   0.49887   0.03988     83 0.15
295.00000   0.45008   0.03958     85 0.15
300.00000   0.43024   0.03954     86 0.15
305.00000   0.53867   0.04371     71 0.15
310.00000   0.52758   0.04208     74 0.15
315.00000   0.53010   0.04044     71 0.15
320.00000   0.55261   0.04153     69 0.15
325.00000   0.53412   0.04147     67 0.15
330.00000   0.48825   0.04382     75 0.15
335.00000   0.47685   0.04291     75 0.15
340.00000   0.49933   0.04222     76 0.15
345.00000   0.53365   0.04370     72 0.15
350.00000   0.52801   0.03799     72 0.15
355.00000   0.54639   0.04226     69 0.15
360.00000   0.48588   0.04111     75 0.15
365.00000   0.51271   0.04714     69 0.15
370.00000   0.52601   0.04785     66 0.15
375.00000   0.52054   0.04440     69 0.15
380.00000   0.51060   0.04302     73 0.15
385.00000   0.54778   0.04430     69 0.15
390.00000   0.55177   0.04434     66 0.15
395.00000   0.50198   0.04312     70 0.15
400.00000   0.52122   0.04701     69 0.15
