  0.00000   1.00000   0.02122    301 0.35
  5.00000   1.03041   0.02804    301 0.35
 10.00000   1.02454   0.02748    308 0.35
 15.00000   1.01937   0.02697    315 0.35
 20.00000   0.98720   0.02724    316 0.35
 25.00000   0.98259   0.02748    316 0.35
 30.00000   1.00691   0.03147    315 0.35
 35.00000   0.96866   0.03178    315 0.35
 40.00000   0.92157   0.03129    335 0.35
 45.00000   0.93853   0.03167    352 0.35
 50.00000   0.91047   0.02959    358 0.35
 55.00000   0.89954   0.02971    357 0.35
 60.00000   0.91362   0.03208    341 0.35
 65.00000   0.87438   0.03164    348 0.35
 70.00000   0.86212   0.03133    358 0.35
 75.00000   0.84316   0.03090    365 0.35
 80.00000   0.81614   0.03078    356 0.35
 85.00000   0.81842   0.03079    356 0.35
 90.00000   0.78159   0.02770    381 0.35
 95.00000   0.77972   0.02745    374 0.35
100.00000   0.72944   0.02641    376 0.35
105.00000   0.71504   0.02389    392 0.35
110.00000   0.70821   0.02431    384 0.35
115.00000   0.65846   0.02293    393 0.35
120.00000   0.64599   0.02112    383 0.35
125.00000   0.62384   0.02097    386 0.35
130.00000   0.63515   0.02022    401 0.35
135.00000   0.63129   0.02031    402 0.35
140.00000   0.62138   0.02044    398 0.35
145.00000   0.60953   0.01562    387 0.35
150.00000   0.59363   0.01564    393 0.35
155.00000   0.57351   0.01565    401 0.35
160.00000   0.57789   0.01494    407 0.35
165.00000   0.55837   0.01506    409 0.35
170.00000   0.57097   0.01478    402 0.35
175.00000   0.56450   0.01614    416 0.35
180.00000   0.57351   0.01577    402 0.35
185.00000   0.54850   0.01509    408 0.35
190.00000   0.54111   0.01511    416 0.35
195.00000   0.54977   0.01493    416 0.35
200.00000   0.54244   0.01505    422 0.35
205.00000   0.53890   0.01467    419 0.35
210.00000   0.53986   0.01465    413 0.35
215.00000   0.54045   0.01571    428 0.35
220.00000   0.54662   0.01557    428 0.35
225.00000   0.52376   0.01493    442 0.35
230.00000   0.51381   0.01461    430 0.35
235.00000   0.52019   0.01434    442 0.35
240.00000   0.52583   0.01426    433 0.35
245.00000   0.53209   0.01415    432 0.35
250.00000   0.53054   0.01403    431 0.35
255.00000   0.53427   0.01521    439 0.35
260.00000   0.49937   0.01515    454 0.35
265.00000   0.50949   0.01473    447 0.35
270.00000   0.50738   0.01400    445 0.35
275.00000   0.51728   0.01387    451 0.35
280.00000   0.51586   0.01395    441 0.35
285.00000   0.51073   0.01396    444 0.35
290.00000   0.52057   0.01455    464 0.35
295.00000   0.49674   0.01455    465 0.35
300.00000   0.48937   0.01458    473 0.35
305.00000   0.51281   0.01444    453 0.35
310.00000   0.50803   0.01421    458 0.35
315.00000   0.51282   0.01366    454 0.35
320.00000   0.50885   0.01372    464 0.35
325.00000   0.51145   0.01380    443 0.35
330.00000   0.49654   0.01453    464 0.35
335.00000   0.49321   0.01447    465 0.35
340.00000   0.50209   0.01454    464 0.35
345.00000   0.50792   0.01450    453 0.35
350.00000   0.49512   0.01365    463 0.35
355.00000   0.50883   0.01402    453 0.35
360.00000   0.48356   0.01393    470 0.35
365.00000   0.49349   0.01483    468 0.35
370.00000   0.49902   0.01500    463 0.35
375.00000   0.50279   0.01493    452 0.35
380.00000   0.50766   0.01485    451 0.35
385.00000   0.50930   0.01493    447 0.35
390.00000   0.51967   0.01460    434 0.35
395.00000   0.49201   0.01435    450 0.35
400.00000   0.50049   0.01529    451 0.35
