  0.00000   1.00000   0.02467    222 0.30
  5.00000   1.03533   0.03372    222 0.30
 10.00000   1.02839   0.03295    228 0.30
 15.00000   1.02216   0.03224    234 0.30
 20.00000   0.98462   0.03257    235 0.30
 25.00000   0.97875   0.03291    235 0.30
 30.00000   1.00479   0.03779    234 0.30
 35.00000   0.96185   0.03815    234 0.30
 40.00000   0.90810   0.03733    251 0.30
 45.00000   0.92655   0.03758    265 0.30
 50.00000   0.89498   0.03492    270 0.30
 55.00000   0.87520   0.03416    268 0.30
 60.00000   0.89087   0.03738    255 0.30
 65.00000   0.84546   0.03657    261 0.30
 70.00000   0.82901   0.03596    270 0.30
 75.00000   0.80006   0.03441    275 0.30
 80.00000   0.76096   0.03225    265 0.30
 85.00000   0.76348   0.03228    265 0.30
 90.00000   0.72499   0.02887    287 0.30
 95.00000   0.72258   0.02838    281 0.30
100.00000   0.66168   0.02581    286 0.30
105.00000   0.64801   0.02331    300 0.30
110.00000   0.64239   0.02394    288 0.30
115.00000   0.60083   0.02266    292 0.30
120.00000   0.58033   0.01862    284 0.30
125.00000   0.57454   0.01844    286 0.30
130.00000   0.59371   0.01972    296 0.30
135.00000   0.59005   0.01975    295 0.30
140.00000   0.57583   0.01784    294 0.30
145.00000   0.59160   0.01769    288 0.30
150.00000   0.57591   0.01772    295 0.30
155.00000   0.55250   0.01771    302 0.30
160.00000   0.56005   0.01682    307 0.30
165.00000   0.54519   0.01712    308 0.30
170.00000   0.55946   0.01678    302 0.30
175.00000   0.55235   0.01856    314 0.30
180.00000   0.56219   0.01810    303 0.30
185.00000   0.53530   0.01716    308 0.30
190.00000   0.52540   0.01717    314 0.30
195.00000   0.53556   0.01699    313 0.30
200.00000   0.52770   0.01713    318 0.30
205.00000   0.52395   0.01662    317 0.30
210.00000   0.52546   0.01666    312 0.30
215.00000   0.52722   0.01804    324 0.30
220.00000   0.53230   0.01784    324 0.30
225.00000   0.50967   0.01703    336 0.30
230.00000   0.49700   0.01654    326 0.30
235.00000   0.50481   0.01617    337 0.30
240.00000   0.51113   0.01610    328 0.30
245.00000   0.51788   0.01600    327 0.30
250.00000   0.51816   0.01593    326 0.30
255.00000   0.52233   0.01747    333 0.30
260.00000   0.48349   0.01739    345 0.30
265.00000   0.49778   0.01704    338 0.30
270.00000   0.49568   0.01602    335 0.30
275.00000   0.50520   0.01584    339 0.30
280.00000   0.50420   0.01596    332 0.30
285.00000   0.49990   0.01598    332 0.30
290.00000   0.51033   0.01673    352 0.30
295.00000   0.48799   0.01682    356 0.30
300.00000   0.47924   0.01697    357 0.30
305.00000   0.50781   0.01711    337 0.30
310.00000   0.50302   0.01680    343 0.30
315.00000   0.50913   0.01619    337 0.30
320.00000   0.50382   0.01638    345 0.30
325.00000   0.50393   0.01643    328 0.30
330.00000   0.48532   0.01726    346 0.30
335.00000   0.47848   0.01723    349 0.30
340.00000   0.48965   0.01736    347 0.30
345.00000   0.49677   0.01745    338 0.30
350.00000   0.48225   0.01628    347 0.30
355.00000   0.50054   0.01700    335 0.30
360.00000   0.46843   0.01685    351 0.30
365.00000   0.48428   0.01813    342 0.30
370.00000   0.49003   0.01847    336 0.30
375.00000   0.49574   0.01826    328 0.30
380.00000   0.49925   0.01811    329 0.30
385.00000   0.50580   0.01838    322 0.30
390.00000   0.51466   0.01787    313 0.30
395.00000   0.48287   0.01755    325 0.30
400.00000   0.49425   0.01883    323 0.30
