  0.00000   1.00000   0.13958      7 0.05
  5.00000   1.18484   0.33908      7 0.05
 10.00000   1.13222   0.29827      8 0.05
 15.00000   1.06837   0.26854      9 0.05
 20.00000   0.71716   0.10252      9 0.05
 25.00000   0.57482   0.10648      9 0.05
 30.00000   0.58658   0.10127      7 0.05
 35.00000   0.57874   0.09819      7 0.05
 40.00000   0.49635   0.09162      9 0.05
 45.00000   0.53484   0.11799     11 0.05
 50.00000   0.55047   0.09007      9 0.05
 55.00000   0.52319   0.09342     10 0.05
 60.00000   0.55753   0.09560     10 0.05
 65.00000   0.45618   0.12520      9 0.05
 70.00000   0.47090   0.12609      8 0.05
 75.00000   0.50571   0.09926      9 0.05
 80.00000   0.49195   0.10083      8 0.05
 85.00000   0.50181   0.10207      8 0.05
 90.00000   0.44816   0.13423     10 0.05
 95.00000   0.55368   0.10036      9 0.05
100.00000   0.51378   0.10137      9 0.05
105.00000   0.48938   0.11687      9 0.05
110.00000   0.51928   0.11364      9 0.05
115.00000   0.41152   0.13814      8 0.05
120.00000   0.53812   0.15089      7 0.05
125.00000   0.42905   0.11227     10 0.05
130.00000   0.46839   0.14927     10 0.05
135.00000   0.40842   0.14139     10 0.05
140.00000   0.60256   0.12808      7 0.05
145.00000   0.59864   0.14667      8 0.05
150.00000   0.62416   0.14512      6 0.05
155.00000   0.45103   0.14751      7 0.05
160.00000   0.57315   0.11824      8 0.05
165.00000   0.57326   0.15074      7 0.05
170.00000   0.67410   0.14549      6 0.05
175.00000   0.60208   0.19917      6 0.05
180.00000   0.66883   0.17597      7 0.05
185.00000   0.55893   0.14210      7 0.05
190.00000   0.28250   0.07422      8 0.05
195.00000   0.61783   0.14684      6 0.05
200.00000   0.53564   0.14885      7 0.05
205.00000   0.55912   0.13394      8 0.05
210.00000   0.61801   0.15141      7 0.05
215.00000   0.70697   0.22538      5 0.05
220.00000   0.59334   0.21113      6 0.05
225.00000   0.54790   0.17897      7 0.05
230.00000   0.42639   0.15007      7 0.05
235.00000   0.41472   0.08678      7 0.05
240.00000   0.53395   0.13820      8 0.05
245.00000   0.62066   0.15020      7 0.05
250.00000   0.65704   0.17006      6 0.05
255.00000   0.67115   0.23563      5 0.05
260.00000   0.52656   0.18749      7 0.05
265.00000   0.54790   0.17897      7 0.05
270.00000   0.57850   0.14540      7 0.05
275.00000   0.46560   0.09898      7 0.05
280.00000   0.62066   0.15020      7 0.05
285.00000   0.69521   0.15428      6 0.05
290.00000   0.70568   0.16061      7 0.05
295.00000   0.60515   0.17211      7 0.05
300.00000   0.50251   0.19112      7 0.05
305.00000   0.70305   0.19782      6 0.05
310.00000   0.65651   0.17526      7 0.05
315.00000   0.46560   0.09898      7 0.05
320.00000   0.69817   0.15968      6 0.05
325.00000   0.69590   0.15485      6 0.05
330.00000   0.57876   0.21004      6 0.05
335.00000   0.78952   0.25668      4 0.05
340.00000   0.58204   0.18013      7 0.05
345.00000   0.73366   0.18518      6 0.05
350.00000   0.63210   0.12679      7 0.05
355.00000   0.54526   0.11514      6 0.05
360.00000   0.64168   0.17765      5 0.05
365.00000   0.77125   0.26272      4 0.05
370.00000   0.77125   0.26272      4 0.05
375.00000   0.61673   0.19580      6 0.05
380.00000   0.55174   0.15984      8 0.05
385.00000   0.61437   0.15815      8 0.05
390.00000   0.58778   0.13337      5 0.05
395.00000   0.41940   0.06133      5 0.05
400.00000   0.77125   0.26272      4 0.05
