  0.00000   1.00000   0.03659    100 0.20
  5.00000   1.05223   0.05540    100 0.20
 10.00000   1.04141   0.05352    104 0.20
 15.00000   1.03107   0.05183    108 0.20
 20.00000   0.97475   0.05237    109 0.20
 25.00000   0.96350   0.05320    109 0.20
 30.00000   0.99082   0.06073    108 0.20
 35.00000   0.93482   0.06121    108 0.20
 40.00000   0.86008   0.05859    119 0.20
 45.00000   0.88102   0.05781    127 0.20
 50.00000   0.83558   0.05235    130 0.20
 55.00000   0.76735   0.04315    126 0.20
 60.00000   0.75541   0.04485    118 0.20
 65.00000   0.69084   0.04037    121 0.20
 70.00000   0.65799   0.03953    126 0.20
 75.00000   0.60102   0.02770    128 0.20
 80.00000   0.60134   0.02678    126 0.20
 85.00000   0.60630   0.02717    126 0.20
 90.00000   0.58528   0.03030    134 0.20
 95.00000   0.60077   0.02639    130 0.20
100.00000   0.55183   0.02541    137 0.20
105.00000   0.55899   0.02537    143 0.20
110.00000   0.55399   0.02575    133 0.20
115.00000   0.52123   0.02618    136 0.20
120.00000   0.53448   0.02581    134 0.20
125.00000   0.52509   0.02528    136 0.20
130.00000   0.55203   0.02845    142 0.20
135.00000   0.54907   0.02866    141 0.20
140.00000   0.53943   0.02467    140 0.20
145.00000   0.55766   0.02484    136 0.20
150.00000   0.53367   0.02445    141 0.20
155.00000   0.49810   0.02430    146 0.20
160.00000   0.51742   0.02279    149 0.20
165.00000   0.50813   0.02367    148 0.20
170.00000   0.52848   0.02316    144 0.20
175.00000   0.51945   0.02669    152 0.20
180.00000   0.53139   0.02606    147 0.20
185.00000   0.50338   0.02437    149 0.20
190.00000   0.48128   0.02446    149 0.20
195.00000   0.49549   0.02470    146 0.20
200.00000   0.48656   0.02492    149 0.20
205.00000   0.49598   0.02441    153 0.20
210.00000   0.49533   0.02458    151 0.20
215.00000   0.49466   0.02741    154 0.20
220.00000   0.49477   0.02708    154 0.20
225.00000   0.47974   0.02595    159 0.20
230.00000   0.45589   0.02522    150 0.20
235.00000   0.47002   0.02470    158 0.20
240.00000   0.47730   0.02548    149 0.20
245.00000   0.48631   0.02574    146 0.20
250.00000   0.50416   0.02575    145 0.20
255.00000   0.51075   0.02828    149 0.20
260.00000   0.45895   0.02719    160 0.20
265.00000   0.48882   0.02777    150 0.20
270.00000   0.48970   0.02599    147 0.20
275.00000   0.48763   0.02595    148 0.20
280.00000   0.48505   0.02656    143 0.20
285.00000   0.48503   0.02694    141 0.20
290.00000   0.49313   0.02777    154 0.20
295.00000   0.45616   0.02746    156 0.20
300.00000   0.44072   0.02763    156 0.20
305.00000   0.50799   0.02942    139 0.20
310.00000   0.50509   0.02889    141 0.20
315.00000   0.50509   0.02782    138 0.20
320.00000   0.51283   0.02805    140 0.20
325.00000   0.50822   0.02830    132 0.20
330.00000   0.47533   0.02975    143 0.20
335.00000   0.46445   0.02913    143 0.20
340.00000   0.48273   0.02913    143 0.20
345.00000   0.50896   0.02985    137 0.20
350.00000   0.48269   0.02689    144 0.20
355.00000   0.51041   0.02898    135 0.20
360.00000   0.46398   0.02819    146 0.20
365.00000   0.48627   0.03135    137 0.20
370.00000   0.49246   0.03181    133 0.20
375.00000   0.49762   0.03068    133 0.20
380.00000   0.49499   0.03011    137 0.20
385.00000   0.51928   0.03076    132 0.20
390.00000   0.52421   0.03068    127 0.20
395.00000   0.48424   0.02959    134 0.20
400.00000   0.49847   0.03167    135 0.20
