  0.00000   1.00000   0.07124     26 0.10
  5.00000   1.10011   0.13398     26 0.10
 10.00000   1.07641   0.12530     28 0.10
 15.00000   1.05088   0.11805     30 0.10
 20.00000   0.93905   0.11768     31 0.10
 25.00000   0.90451   0.12109     31 0.10
 30.00000   0.89696   0.12584     30 0.10
 35.00000   0.74659   0.10437     29 0.10
 40.00000   0.64143   0.09521     33 0.10
 45.00000   0.69264   0.09309     36 0.10
 50.00000   0.60602   0.05239     34 0.10
 55.00000   0.58675   0.05096     36 0.10
 60.00000   0.57091   0.04800     33 0.10
 65.00000   0.51389   0.05102     35 0.10
 70.00000   0.52139   0.04843     34 0.10
 75.00000   0.51044   0.04601     36 0.10
 80.00000   0.52052   0.04477     35 0.10
 85.00000   0.53815   0.04511     34 0.10
 90.00000   0.50453   0.05626     40 0.10
 95.00000   0.54540   0.04481     38 0.10
100.00000   0.50460   0.04465     41 0.10
105.00000   0.49263   0.04599     41 0.10
110.00000   0.51074   0.04904     37 0.10
115.00000   0.44938   0.05200     37 0.10
120.00000   0.48631   0.05251     37 0.10
125.00000   0.46010   0.04899     40 0.10
130.00000   0.49626   0.05996     41 0.10
135.00000   0.47836   0.06008     40 0.10
140.00000   0.53507   0.05270     34 0.10
145.00000   0.54653   0.05555     34 0.10
150.00000   0.51195   0.05678     32 0.10
155.00000   0.42857   0.05497     36 0.10
160.00000   0.49296   0.05040     38 0.10
165.00000   0.48923   0.05604     35 0.10
170.00000   0.53861   0.05602     32 0.10
175.00000   0.49176   0.06473     34 0.10
180.00000   0.53246   0.06574     34 0.10
185.00000   0.49452   0.05575     35 0.10
190.00000   0.41359   0.05564     37 0.10
195.00000   0.48967   0.05970     33 0.10
200.00000   0.49520   0.06128     32 0.10
205.00000   0.51767   0.05698     35 0.10
210.00000   0.51203   0.05852     34 0.10
215.00000   0.50947   0.07092     32 0.10
220.00000   0.49374   0.06743     34 0.10
225.00000   0.49452   0.06442     35 0.10
230.00000   0.44635   0.06159     32 0.10
235.00000   0.46645   0.05914     34 0.10
240.00000   0.50151   0.06055     32 0.10
245.00000   0.52198   0.06316     31 0.10
250.00000   0.59458   0.06358     27 0.10
255.00000   0.56369   0.07790     27 0.10
260.00000   0.47556   0.06905     33 0.10
265.00000   0.51671   0.07091     31 0.10
270.00000   0.52324   0.06193     31 0.10
275.00000   0.51512   0.06048     32 0.10
280.00000   0.53201   0.06459     30 0.10
285.00000   0.55756   0.06663     28 0.10
290.00000   0.55167   0.06799     33 0.10
295.00000   0.48254   0.06986     33 0.10
300.00000   0.43677   0.06983     34 0.10
305.00000   0.61769   0.07804     26 0.10
310.00000   0.58043   0.07185     29 0.10
315.00000   0.56766   0.06502     27 0.10
320.00000   0.62130   0.06986     26 0.10
325.00000   0.58720   0.06526     27 0.10
330.00000   0.51651   0.07748     30 0.10
335.00000   0.51508   0.07691     29 0.10
340.00000   0.53978   0.07263     30 0.10
345.00000   0.59520   0.07504     28 0.10
350.00000   0.59181   0.06094     27 0.10
355.00000   0.59982   0.06779     26 0.10
360.00000   0.53184   0.07199     29 0.10
365.00000   0.57871   0.08478     26 0.10
370.00000   0.61855   0.08428     24 0.10
375.00000   0.58448   0.07481     27 0.10
380.00000   0.53783   0.06957     31 0.10
385.00000   0.56528   0.06937     31 0.10
390.00000   0.57213   0.07048     28 0.10
395.00000   0.51296   0.07213     28 0.10
400.00000   0.58167   0.08821     25 0.10
