(1) depth of anisotropy in km (2) normalized variation factor (3) SD of the normalized variation factor (4) number of blocks used to produce the variation factor (5) block size in degree
325	0.65592	0.01633	411	0.4
325	0.6348	0.01868	322	0.35
350	0.632	0.01503	428	0.4
350	0.6145	0.01759	335	0.35
325	0.60934	0.02277	243	0.3
265	0.59997	0.02652	171	0.25
350	0.59154	0.02166	249	0.3
325	0.58659	0.02936	169	0.25
350	0.57052	0.02716	170	0.25
265	0.56796	0.03578	110	0.2
350	0.56186	0.03603	105	0.2
235	0.53829	0.05051	61	0.15
140	0.52055	0.07191	26	0.1
235	0.31746	0.09782	5	0.05

