  0.00000   1.00000   0.02524    120 0.30
  5.00000   1.00000   0.02524    120 0.30
 10.00000   0.99541   0.02545    120 0.30
 15.00000   0.96502   0.02732    121 0.30
 20.00000   0.96078   0.03229    127 0.30
 25.00000   0.95727   0.03099    127 0.30
 30.00000   0.93925   0.03037    133 0.30
 35.00000   0.92358   0.03069    139 0.30
 40.00000   0.94622   0.03206    139 0.30
 45.00000   0.97386   0.04127    147 0.30
 50.00000   0.94609   0.03390    161 0.30
 55.00000   0.94328   0.04167    161 0.30
 60.00000   0.92995   0.04032    156 0.30
 65.00000   0.92523   0.03963    158 0.30
 70.00000   0.91270   0.04065    153 0.30
 75.00000   0.84942   0.03947    160 0.30
 80.00000   0.87094   0.03737    164 0.30
 85.00000   0.88772   0.03763    171 0.30
 90.00000   0.87401   0.03588    174 0.30
 95.00000   0.88262   0.03623    171 0.30
100.00000   0.80734   0.03540    171 0.30
105.00000   0.80225   0.03282    176 0.30
110.00000   0.79988   0.03331    175 0.30
115.00000   0.77656   0.03327    181 0.30
120.00000   0.79319   0.03349    193 0.30
125.00000   0.80097   0.02784    188 0.30
130.00000   0.79508   0.02941    177 0.30
135.00000   0.75969   0.01983    190 0.30
140.00000   0.70992   0.02098    193 0.30
145.00000   0.71617   0.01980    195 0.30
150.00000   0.70252   0.02140    197 0.30
155.00000   0.73968   0.02295    201 0.30
160.00000   0.74751   0.02203    202 0.30
165.00000   0.72024   0.02193    198 0.30
170.00000   0.72338   0.02007    195 0.30
175.00000   0.70627   0.01908    207 0.30
180.00000   0.70673   0.01946    206 0.30
185.00000   0.69205   0.01911    203 0.30
190.00000   0.72527   0.02203    210 0.30
195.00000   0.73382   0.02190    214 0.30
200.00000   0.71102   0.01967    211 0.30
205.00000   0.67032   0.02058    223 0.30
210.00000   0.68376   0.02069    217 0.30
215.00000   0.68871   0.01991    220 0.30
220.00000   0.69453   0.01957    216 0.30
225.00000   0.69828   0.02131    222 0.30
230.00000   0.67496   0.02254    228 0.30
235.00000   0.64724   0.02129    232 0.30
240.00000   0.67247   0.01907    231 0.30
245.00000   0.66304   0.02056    227 0.30
250.00000   0.67586   0.01985    225 0.30
255.00000   0.66897   0.01929    229 0.30
260.00000   0.64926   0.02192    244 0.30
265.00000   0.62915   0.02148    237 0.30
270.00000   0.65626   0.02160    231 0.30
275.00000   0.63290   0.02081    234 0.30
280.00000   0.66115   0.01904    230 0.30
285.00000   0.66111   0.01929    227 0.30
290.00000   0.64694   0.02172    246 0.30
295.00000   0.62883   0.02142    246 0.30
300.00000   0.63573   0.02166    243 0.30
305.00000   0.64868   0.02180    241 0.30
310.00000   0.64823   0.01979    235 0.30
315.00000   0.65134   0.02065    234 0.30
320.00000   0.63182   0.02080    235 0.30
325.00000   0.60934   0.02277    243 0.30
330.00000   0.63642   0.02201    247 0.30
335.00000   0.62780   0.02258    243 0.30
340.00000   0.63990   0.02115    233 0.30
345.00000   0.64089   0.02205    238 0.30
350.00000   0.59154   0.02166    249 0.30
355.00000   0.61356   0.02397    240 0.30
360.00000   0.63553   0.02374    241 0.30
365.00000   0.62599   0.02474    230 0.30
370.00000   0.63463   0.02459    223 0.30
375.00000   0.59547   0.02428    239 0.30
380.00000   0.60666   0.02298    231 0.30
385.00000   0.60240   0.02434    240 0.30
390.00000   0.61537   0.02500    236 0.30
395.00000   0.63789   0.02381    232 0.30
400.00000   0.64070   0.02489    224 0.30
