  0.00000   1.00000   0.02105    161 0.35
  5.00000   1.00000   0.02105    161 0.35
 10.00000   0.99600   0.02121    161 0.35
 15.00000   0.96951   0.02260    162 0.35
 20.00000   0.96497   0.02624    169 0.35
 25.00000   0.96223   0.02515    169 0.35
 30.00000   0.94661   0.02478    176 0.35
 35.00000   0.93324   0.02512    183 0.35
 40.00000   0.95297   0.02601    183 0.35
 45.00000   0.98752   0.03544    193 0.35
 50.00000   0.95836   0.02825    209 0.35
 55.00000   0.95027   0.03421    208 0.35
 60.00000   0.94155   0.03293    202 0.35
 65.00000   0.93642   0.03230    205 0.35
 70.00000   0.92547   0.03306    199 0.35
 75.00000   0.88548   0.03452    208 0.35
 80.00000   0.89389   0.03216    213 0.35
 85.00000   0.90640   0.03249    221 0.35
 90.00000   0.89256   0.03047    229 0.35
 95.00000   0.89459   0.03042    228 0.35
100.00000   0.84738   0.02919    228 0.35
105.00000   0.83791   0.02886    228 0.35
110.00000   0.82802   0.02896    232 0.35
115.00000   0.80740   0.02891    240 0.35
120.00000   0.82168   0.02909    253 0.35
125.00000   0.81867   0.02506    247 0.35
130.00000   0.81567   0.02628    234 0.35
135.00000   0.80866   0.02514    252 0.35
140.00000   0.76311   0.02593    255 0.35
145.00000   0.76681   0.02517    257 0.35
150.00000   0.74374   0.02382    259 0.35
155.00000   0.75606   0.01960    261 0.35
160.00000   0.76328   0.01878    262 0.35
165.00000   0.73678   0.01877    258 0.35
170.00000   0.74083   0.01721    253 0.35
175.00000   0.72482   0.01657    267 0.35
180.00000   0.72400   0.01685    266 0.35
185.00000   0.71205   0.01657    262 0.35
190.00000   0.74118   0.01887    270 0.35
195.00000   0.75078   0.01878    274 0.35
200.00000   0.72987   0.01692    271 0.35
205.00000   0.69095   0.01781    285 0.35
210.00000   0.70390   0.01781    278 0.35
215.00000   0.70740   0.01719    282 0.35
220.00000   0.70904   0.01673    277 0.35
225.00000   0.73232   0.01846    283 0.35
230.00000   0.70963   0.01962    290 0.35
235.00000   0.67796   0.01878    298 0.35
240.00000   0.69788   0.01695    299 0.35
245.00000   0.68547   0.01786    300 0.35
250.00000   0.69675   0.01723    297 0.35
255.00000   0.68968   0.01668    301 0.35
260.00000   0.67013   0.01881    320 0.35
265.00000   0.65373   0.01855    310 0.35
270.00000   0.67744   0.01829    304 0.35
275.00000   0.65776   0.01754    311 0.35
280.00000   0.67908   0.01646    306 0.35
285.00000   0.68143   0.01662    301 0.35
290.00000   0.66981   0.01863    323 0.35
295.00000   0.64678   0.01819    322 0.35
300.00000   0.65863   0.01798    320 0.35
305.00000   0.66750   0.01793    321 0.35
310.00000   0.66040   0.01637    315 0.35
315.00000   0.66796   0.01690    312 0.35
320.00000   0.65721   0.01700    313 0.35
325.00000   0.63480   0.01868    322 0.35
330.00000   0.65627   0.01805    327 0.35
335.00000   0.64727   0.01835    326 0.35
340.00000   0.65730   0.01703    314 0.35
345.00000   0.65905   0.01736    324 0.35
350.00000   0.61450   0.01759    335 0.35
355.00000   0.63351   0.01910    327 0.35
360.00000   0.65261   0.01874    331 0.35
365.00000   0.64634   0.01985    313 0.35
370.00000   0.64521   0.01949    309 0.35
375.00000   0.62068   0.01937    323 0.35
380.00000   0.62139   0.01841    318 0.35
385.00000   0.61951   0.01940    332 0.35
390.00000   0.62679   0.02006    327 0.35
395.00000   0.64196   0.01932    323 0.35
400.00000   0.64977   0.01985    312 0.35
