  0.00000   1.00000   0.20023      5 0.05
  5.00000   1.00000   0.20023      5 0.05
 10.00000   0.98328   0.20454      5 0.05
 15.00000   0.68575   0.11531      6 0.05
 20.00000   0.72908   0.13322      5 0.05
 25.00000   0.66260   0.09872      5 0.05
 30.00000   0.67628   0.08555      5 0.05
 35.00000   0.56219   0.09969      7 0.05
 40.00000   0.64110   0.14007      5 0.05
 45.00000   0.73095   0.11656      4 0.05
 50.00000   0.48016   0.14523      6 0.05
 55.00000   0.60619   0.15715      6 0.05
 60.00000   0.52065   0.13358      7 0.05
 65.00000   0.49370   0.12030      7 0.05
 70.00000   0.49618   0.12133      7 0.05
 75.00000   0.40963   0.13342      7 0.05
 80.00000   0.56247   0.12265      6 0.05
 85.00000   0.62974   0.16735      7 0.05
 90.00000   0.64449   0.13034      6 0.05
 95.00000   0.60592   0.12298      6 0.05
100.00000   0.44638   0.19275      5 0.05
105.00000   0.61724   0.14882      6 0.05
110.00000   0.53607   0.14963      7 0.05
115.00000   0.49929   0.14867      7 0.05
120.00000   0.51673   0.17145      8 0.05
125.00000   0.60573   0.12681      7 0.05
130.00000   0.65630   0.19112      4 0.05
135.00000   0.74547   0.12462      4 0.05
140.00000   0.49835   0.20254      5 0.05
145.00000   0.67339   0.16136      5 0.05
150.00000   0.51837   0.17345      5 0.05
155.00000   0.57060   0.19044      7 0.05
160.00000   0.56831   0.19767      7 0.05
165.00000   0.59246   0.24441      4 0.05
170.00000   0.71820   0.21498      5 0.05
175.00000   0.70774   0.14196      5 0.05
180.00000   0.67644   0.18211      5 0.05
185.00000   0.67636   0.14199      5 0.05
190.00000   0.66145   0.21650      6 0.05
195.00000   0.76985   0.21043      5 0.05
200.00000   0.78182   0.15743      4 0.05
205.00000   0.48987   0.20302      5 0.05
210.00000   0.48882   0.15613      7 0.05
215.00000   0.68699   0.15123      5 0.05
220.00000   0.77323   0.20592      5 0.05
225.00000   0.73386   0.24015      5 0.05
230.00000   0.67030   0.31996      4 0.05
235.00000   0.31746   0.09782      5 0.05
240.00000   0.62545   0.19331      5 0.05
245.00000   0.65548   0.19095      4 0.05
250.00000   0.77323   0.20592      5 0.05
255.00000   0.75379   0.18616      5 0.05
260.00000   0.63040   0.24739      5 0.05
265.00000   0.32751   0.10327      5 0.05
270.00000   0.67792   0.25197      5 0.05
275.00000   0.55016   0.17977      5 0.05
280.00000   0.71812   0.15995      5 0.05
285.00000   0.75379   0.18616      5 0.05
290.00000   0.69234   0.29335      4 0.05
295.00000   0.63369   0.24068      5 0.05
300.00000   0.70832   0.25781      5 0.05
305.00000   0.68138   0.23783      5 0.05
310.00000   0.71812   0.15995      5 0.05
315.00000   0.73888   0.18822      5 0.05
320.00000   0.63705   0.23941      4 0.05
325.00000   0.70305   0.29287      4 0.05
330.00000   0.88942   0.24583      4 0.05
335.00000   0.68138   0.23783      5 0.05
340.00000   0.74119   0.17856      5 0.05
345.00000   0.73888   0.18822      5 0.05
350.00000   0.55519   0.20271      5 0.05
355.00000   0.42079   0.10008      3 0.05
360.00000   0.79671   0.21405      5 0.05
365.00000   0.71355   0.30422      4 0.05
370.00000   0.53964   0.14916      4 0.05
375.00000   0.72556   0.32203      3 0.05
380.00000   0.52883   0.40635      3 0.05
385.00000   0.42079   0.10008      3 0.05
390.00000   0.75463   0.27095      4 0.05
395.00000   0.67298   0.17895      7 0.05
400.00000   0.61100   0.11993      4 0.05
