  0.00000   1.00000   0.01800    208 0.40
  5.00000   1.00000   0.01800    208 0.40
 10.00000   0.99645   0.01812    208 0.40
 15.00000   0.97297   0.01920    209 0.40
 20.00000   0.96839   0.02196    217 0.40
 25.00000   0.96617   0.02104    217 0.40
 30.00000   0.95238   0.02081    225 0.40
 35.00000   0.94072   0.02115    233 0.40
 40.00000   0.95822   0.02174    233 0.40
 45.00000   0.99611   0.03082    245 0.40
 50.00000   0.96688   0.02408    263 0.40
 55.00000   0.95572   0.02878    261 0.40
 60.00000   0.95007   0.02759    254 0.40
 65.00000   0.94478   0.02704    258 0.40
 70.00000   0.93505   0.02762    251 0.40
 75.00000   0.90032   0.02903    261 0.40
 80.00000   0.91898   0.02885    268 0.40
 85.00000   0.92386   0.02815    277 0.40
 90.00000   0.92259   0.02830    288 0.40
 95.00000   0.91756   0.02700    286 0.40
100.00000   0.86796   0.02587    285 0.40
105.00000   0.85237   0.02493    294 0.40
110.00000   0.84991   0.02478    299 0.40
115.00000   0.83259   0.02478    308 0.40
120.00000   0.84974   0.02558    315 0.40
125.00000   0.84832   0.02263    308 0.40
130.00000   0.84116   0.02339    301 0.40
135.00000   0.83303   0.02250    321 0.40
140.00000   0.79306   0.02328    323 0.40
145.00000   0.79529   0.02269    325 0.40
150.00000   0.76384   0.02177    328 0.40
155.00000   0.79424   0.02214    332 0.40
160.00000   0.80079   0.02155    333 0.40
165.00000   0.78420   0.02326    330 0.40
170.00000   0.78951   0.02261    323 0.40
175.00000   0.74029   0.01464    335 0.40
180.00000   0.73870   0.01486    334 0.40
185.00000   0.72878   0.01464    329 0.40
190.00000   0.75455   0.01647    338 0.40
195.00000   0.76470   0.01641    342 0.40
200.00000   0.74533   0.01485    339 0.40
205.00000   0.70834   0.01569    355 0.40
210.00000   0.72076   0.01563    347 0.40
215.00000   0.72357   0.01512    352 0.40
220.00000   0.72338   0.01471    346 0.40
225.00000   0.74649   0.01614    352 0.40
230.00000   0.72571   0.01718    360 0.40
235.00000   0.69614   0.01652    369 0.40
240.00000   0.71352   0.01495    371 0.40
245.00000   0.70234   0.01572    372 0.40
250.00000   0.71175   0.01505    368 0.40
255.00000   0.70361   0.01453    372 0.40
260.00000   0.69919   0.01673    393 0.40
265.00000   0.68598   0.01653    381 0.40
270.00000   0.70086   0.01627    379 0.40
275.00000   0.68047   0.01579    389 0.40
280.00000   0.69926   0.01481    383 0.40
285.00000   0.69855   0.01473    383 0.40
290.00000   0.68805   0.01641    408 0.40
295.00000   0.66580   0.01604    407 0.40
300.00000   0.67680   0.01587    404 0.40
305.00000   0.68408   0.01583    406 0.40
310.00000   0.67720   0.01456    401 0.40
315.00000   0.68484   0.01477    399 0.40
320.00000   0.67577   0.01500    399 0.40
325.00000   0.65592   0.01633    411 0.40
330.00000   0.66918   0.01563    414 0.40
335.00000   0.66236   0.01573    414 0.40
340.00000   0.67076   0.01448    400 0.40
345.00000   0.67585   0.01458    415 0.40
350.00000   0.63200   0.01503    428 0.40
355.00000   0.65457   0.01602    420 0.40
360.00000   0.67026   0.01574    424 0.40
365.00000   0.66339   0.01656    404 0.40
370.00000   0.66195   0.01617    399 0.40
375.00000   0.64120   0.01612    414 0.40
380.00000   0.64027   0.01538    411 0.40
385.00000   0.63655   0.01633    426 0.40
390.00000   0.64724   0.01644    424 0.40
395.00000   0.65703   0.01601    420 0.40
400.00000   0.65936   0.01609    414 0.40
