  0.00000   1.00000   0.09106     16 0.10
  5.00000   1.00000   0.09106     16 0.10
 10.00000   0.98907   0.09246     16 0.10
 15.00000   0.91497   0.10497     17 0.10
 20.00000   0.93284   0.14464     19 0.10
 25.00000   0.91372   0.14189     19 0.10
 30.00000   0.86310   0.13035     21 0.10
 35.00000   0.81166   0.12481     23 0.10
 40.00000   0.82781   0.13856     21 0.10
 45.00000   0.73470   0.05756     18 0.10
 50.00000   0.66349   0.07179     24 0.10
 55.00000   0.71771   0.06569     24 0.10
 60.00000   0.63681   0.06142     23 0.10
 65.00000   0.64662   0.05272     22 0.10
 70.00000   0.64043   0.05396     22 0.10
 75.00000   0.56147   0.06206     24 0.10
 80.00000   0.63349   0.05326     24 0.10
 85.00000   0.65882   0.06748     27 0.10
 90.00000   0.66610   0.05087     26 0.10
 95.00000   0.67598   0.05502     23 0.10
100.00000   0.58603   0.06557     27 0.10
105.00000   0.63347   0.05467     26 0.10
110.00000   0.63154   0.05817     25 0.10
115.00000   0.58426   0.06415     27 0.10
120.00000   0.55686   0.07042     31 0.10
125.00000   0.64859   0.05282     28 0.10
130.00000   0.63142   0.06024     24 0.10
135.00000   0.61826   0.06233     24 0.10
140.00000   0.52055   0.07191     26 0.10
145.00000   0.60204   0.06492     26 0.10
150.00000   0.50637   0.06681     27 0.10
155.00000   0.58184   0.07824     29 0.10
160.00000   0.58941   0.07888     29 0.10
165.00000   0.57620   0.07773     23 0.10
170.00000   0.62212   0.07917     23 0.10
175.00000   0.59344   0.06560     26 0.10
180.00000   0.61605   0.07023     24 0.10
185.00000   0.60525   0.06567     24 0.10
190.00000   0.58806   0.08468     27 0.10
195.00000   0.61822   0.08014     27 0.10
200.00000   0.63495   0.07195     23 0.10
205.00000   0.52324   0.07855     25 0.10
210.00000   0.52978   0.07433     27 0.10
215.00000   0.60345   0.07372     24 0.10
220.00000   0.66186   0.08435     23 0.10
225.00000   0.62757   0.08687     25 0.10
230.00000   0.57774   0.08953     25 0.10
235.00000   0.50912   0.08227     26 0.10
240.00000   0.66350   0.07863     21 0.10
245.00000   0.58376   0.08365     21 0.10
250.00000   0.63801   0.08866     23 0.10
255.00000   0.63792   0.08473     22 0.10
260.00000   0.58771   0.09150     24 0.10
265.00000   0.48774   0.08028     26 0.10
270.00000   0.60688   0.09363     24 0.10
275.00000   0.59199   0.08103     22 0.10
280.00000   0.70307   0.07418     20 0.10
285.00000   0.66149   0.08536     21 0.10
290.00000   0.54874   0.08863     26 0.10
295.00000   0.57846   0.09317     24 0.10
300.00000   0.62141   0.09596     23 0.10
305.00000   0.64425   0.09414     22 0.10
310.00000   0.75127   0.07190     18 0.10
315.00000   0.67866   0.08455     21 0.10
320.00000   0.57279   0.08270     23 0.10
325.00000   0.57788   0.09693     24 0.10
330.00000   0.70642   0.10058     21 0.10
335.00000   0.63868   0.09561     22 0.10
340.00000   0.76333   0.07672     18 0.10
345.00000   0.72653   0.08692     20 0.10
350.00000   0.55962   0.08393     23 0.10
355.00000   0.60284   0.10457     20 0.10
360.00000   0.77122   0.09510     20 0.10
365.00000   0.64473   0.10532     20 0.10
370.00000   0.67430   0.10434     18 0.10
375.00000   0.59485   0.10279     20 0.10
380.00000   0.60631   0.09832     20 0.10
385.00000   0.60310   0.10452     20 0.10
390.00000   0.71808   0.10193     19 0.10
395.00000   0.70197   0.08548     23 0.10
400.00000   0.71263   0.09034     19 0.10
