  0.00000   1.00000   0.03130     85 0.25
  5.00000   1.00000   0.03130     85 0.25
 10.00000   0.99464   0.03159     85 0.25
 15.00000   0.95900   0.03422     86 0.25
 20.00000   0.95555   0.04139     91 0.25
 25.00000   0.95085   0.03980     91 0.25
 30.00000   0.92956   0.03873     96 0.25
 35.00000   0.91063   0.03893    101 0.25
 40.00000   0.93720   0.04113    101 0.25
 45.00000   0.95095   0.04860    107 0.25
 50.00000   0.92743   0.04194    119 0.25
 55.00000   0.93401   0.05243    120 0.25
 60.00000   0.91113   0.05052    116 0.25
 65.00000   0.90727   0.05001    117 0.25
 70.00000   0.89387   0.05141    113 0.25
 75.00000   0.81111   0.04685    118 0.25
 80.00000   0.84731   0.04558    116 0.25
 85.00000   0.86984   0.04571    123 0.25
 90.00000   0.85215   0.04199    129 0.25
 95.00000   0.85446   0.04337    125 0.25
100.00000   0.75903   0.04081    126 0.25
105.00000   0.77794   0.03782    127 0.25
110.00000   0.77569   0.03850    126 0.25
115.00000   0.70556   0.02479    129 0.25
120.00000   0.72918   0.02797    139 0.25
125.00000   0.75479   0.02273    136 0.25
130.00000   0.74244   0.02410    127 0.25
135.00000   0.73997   0.02359    139 0.25
140.00000   0.68381   0.02493    142 0.25
145.00000   0.69372   0.02342    144 0.25
150.00000   0.67808   0.02533    145 0.25
155.00000   0.71922   0.02759    149 0.25
160.00000   0.72772   0.02656    150 0.25
165.00000   0.70035   0.02635    146 0.25
170.00000   0.70222   0.02408    145 0.25
175.00000   0.68374   0.02250    155 0.25
180.00000   0.68631   0.02308    154 0.25
185.00000   0.66988   0.02285    152 0.25
190.00000   0.68723   0.02601    158 0.25
195.00000   0.69333   0.02590    162 0.25
200.00000   0.68152   0.02276    156 0.25
205.00000   0.63569   0.02371    166 0.25
210.00000   0.65628   0.02460    155 0.25
215.00000   0.66529   0.02344    158 0.25
220.00000   0.67311   0.02313    156 0.25
225.00000   0.67330   0.02564    160 0.25
230.00000   0.64847   0.02694    166 0.25
235.00000   0.61498   0.02569    168 0.25
240.00000   0.64749   0.02320    163 0.25
245.00000   0.63312   0.02530    161 0.25
250.00000   0.64754   0.02460    159 0.25
255.00000   0.63604   0.02444    162 0.25
260.00000   0.62586   0.02750    175 0.25
265.00000   0.59997   0.02652    171 0.25
270.00000   0.63357   0.02740    164 0.25
275.00000   0.61171   0.02631    164 0.25
280.00000   0.64252   0.02448    161 0.25
285.00000   0.63670   0.02454    162 0.25
290.00000   0.61786   0.02738    177 0.25
295.00000   0.60096   0.02710    176 0.25
300.00000   0.61333   0.02816    169 0.25
305.00000   0.62644   0.02799    170 0.25
310.00000   0.63413   0.02587    161 0.25
315.00000   0.63405   0.02767    159 0.25
320.00000   0.60390   0.02666    166 0.25
325.00000   0.58659   0.02936    169 0.25
330.00000   0.61851   0.02904    169 0.25
335.00000   0.61140   0.02942    167 0.25
340.00000   0.62970   0.02748    157 0.25
345.00000   0.63426   0.02842    161 0.25
350.00000   0.57052   0.02716    170 0.25
355.00000   0.59065   0.03123    164 0.25
360.00000   0.62511   0.03097    162 0.25
365.00000   0.60768   0.03162    154 0.25
370.00000   0.62144   0.03212    150 0.25
375.00000   0.57410   0.03054    161 0.25
380.00000   0.59852   0.02943    155 0.25
385.00000   0.59141   0.03138    162 0.25
390.00000   0.60199   0.03175    159 0.25
395.00000   0.63522   0.03019    158 0.25
400.00000   0.63966   0.03214    150 0.25
