  0.00000   1.00000   0.04071     56 0.20
  5.00000   1.00000   0.04071     56 0.20
 10.00000   0.99354   0.04114     56 0.20
 15.00000   0.95045   0.04510     57 0.20
 20.00000   0.94897   0.05621     61 0.20
 25.00000   0.94228   0.05426     61 0.20
 30.00000   0.91621   0.05224     65 0.20
 35.00000   0.89235   0.05210     69 0.20
 40.00000   0.92453   0.05584     69 0.20
 45.00000   0.90873   0.05710     73 0.20
 50.00000   0.89460   0.05352     83 0.20
 55.00000   0.88769   0.06207     84 0.20
 60.00000   0.87921   0.06279     81 0.20
 65.00000   0.88546   0.06529     77 0.20
 70.00000   0.87307   0.06697     75 0.20
 75.00000   0.76171   0.05903     78 0.20
 80.00000   0.79313   0.05511     80 0.20
 85.00000   0.82016   0.05512     86 0.20
 90.00000   0.81290   0.05075     88 0.20
 95.00000   0.75351   0.02866     82 0.20
100.00000   0.68193   0.03391     84 0.20
105.00000   0.70737   0.02820     85 0.20
110.00000   0.70500   0.02928     84 0.20
115.00000   0.67404   0.03093     88 0.20
120.00000   0.70051   0.03493     96 0.20
125.00000   0.73239   0.02797     94 0.20
130.00000   0.71235   0.03015     87 0.20
135.00000   0.71226   0.02921     96 0.20
140.00000   0.64972   0.03062     99 0.20
145.00000   0.66598   0.02868    101 0.20
150.00000   0.64985   0.03132    101 0.20
155.00000   0.66985   0.03386    105 0.20
160.00000   0.68986   0.03262    104 0.20
165.00000   0.66632   0.03221    100 0.20
170.00000   0.67261   0.03004     96 0.20
175.00000   0.65495   0.02700    105 0.20
180.00000   0.66012   0.02803    104 0.20
185.00000   0.64020   0.02758    102 0.20
190.00000   0.65857   0.03238    107 0.20
195.00000   0.66437   0.03231    110 0.20
200.00000   0.65023   0.02817    104 0.20
205.00000   0.59200   0.03001    112 0.20
210.00000   0.61397   0.03200    104 0.20
215.00000   0.62627   0.03087    102 0.20
220.00000   0.65411   0.03076    102 0.20
225.00000   0.64701   0.03405    107 0.20
230.00000   0.61318   0.03551    111 0.20
235.00000   0.58174   0.03410    111 0.20
240.00000   0.62694   0.03179    103 0.20
245.00000   0.59794   0.03456    104 0.20
250.00000   0.62154   0.03428    102 0.20
255.00000   0.60720   0.03462    103 0.20
260.00000   0.60246   0.03695    112 0.20
265.00000   0.56796   0.03578    110 0.20
270.00000   0.60902   0.03793    105 0.20
275.00000   0.59286   0.03558    103 0.20
280.00000   0.63848   0.03346     98 0.20
285.00000   0.61188   0.03468    102 0.20
290.00000   0.57334   0.03646    114 0.20
295.00000   0.58431   0.03757    108 0.20
300.00000   0.59722   0.03822    107 0.20
305.00000   0.60724   0.03796    104 0.20
310.00000   0.63597   0.03485     97 0.20
315.00000   0.63057   0.03720     98 0.20
320.00000   0.57892   0.03507    103 0.20
325.00000   0.57110   0.03975    105 0.20
330.00000   0.61597   0.03913    105 0.20
335.00000   0.59283   0.03894    104 0.20
340.00000   0.64412   0.03711     93 0.20
345.00000   0.63824   0.03787     98 0.20
350.00000   0.56186   0.03603    105 0.20
355.00000   0.58036   0.04252    101 0.20
360.00000   0.63343   0.04157     99 0.20
365.00000   0.60648   0.04236     95 0.20
370.00000   0.63230   0.04324     91 0.20
375.00000   0.56925   0.04047    100 0.20
380.00000   0.59559   0.03901     96 0.20
385.00000   0.58856   0.04189    101 0.20
390.00000   0.60583   0.04224     98 0.20
395.00000   0.64143   0.03959     99 0.20
400.00000   0.66702   0.04276     90 0.20
