  0.00000   1.00000   0.05702     33 0.15
  5.00000   1.00000   0.05702     33 0.15
 10.00000   0.99188   0.05773     33 0.15
 15.00000   0.93740   0.06429     34 0.15
 20.00000   0.94088   0.08348     37 0.15
 25.00000   0.93042   0.08107     37 0.15
 30.00000   0.89671   0.07685     40 0.15
 35.00000   0.86454   0.07566     43 0.15
 40.00000   0.90537   0.08264     43 0.15
 45.00000   0.84633   0.06827     45 0.15
 50.00000   0.83700   0.06827     49 0.15
 55.00000   0.86471   0.08479     50 0.15
 60.00000   0.82235   0.08783     48 0.15
 65.00000   0.83861   0.08885     46 0.15
 70.00000   0.82607   0.09083     45 0.15
 75.00000   0.64024   0.04324     46 0.15
 80.00000   0.68662   0.03639     47 0.15
 85.00000   0.72707   0.04591     52 0.15
 90.00000   0.71115   0.03606     55 0.15
 95.00000   0.72399   0.03780     50 0.15
100.00000   0.63463   0.04462     52 0.15
105.00000   0.67024   0.03679     53 0.15
110.00000   0.66869   0.03842     52 0.15
115.00000   0.62690   0.04090     55 0.15
120.00000   0.63255   0.04536     61 0.15
125.00000   0.68755   0.03471     58 0.15
130.00000   0.66796   0.03953     50 0.15
135.00000   0.67383   0.03791     56 0.15
140.00000   0.59730   0.03928     60 0.15
145.00000   0.63019   0.03686     60 0.15
150.00000   0.60600   0.04041     60 0.15
155.00000   0.62914   0.04531     63 0.15
160.00000   0.64888   0.04558     61 0.15
165.00000   0.61850   0.04366     61 0.15
170.00000   0.63498   0.04279     57 0.15
175.00000   0.61316   0.03807     60 0.15
180.00000   0.62918   0.04077     59 0.15
185.00000   0.60945   0.03912     59 0.15
190.00000   0.61593   0.04898     62 0.15
195.00000   0.63357   0.04658     64 0.15
200.00000   0.62922   0.04299     56 0.15
205.00000   0.54812   0.04632     61 0.15
210.00000   0.56831   0.04661     60 0.15
215.00000   0.59966   0.04537     57 0.15
220.00000   0.63675   0.04711     56 0.15
225.00000   0.62818   0.05128     59 0.15
230.00000   0.58211   0.05259     59 0.15
235.00000   0.53829   0.05051     61 0.15
240.00000   0.62166   0.04735     55 0.15
245.00000   0.56177   0.04971     55 0.15
250.00000   0.59340   0.05211     56 0.15
255.00000   0.59670   0.05049     56 0.15
260.00000   0.58190   0.05363     59 0.15
265.00000   0.54467   0.05160     60 0.15
270.00000   0.60846   0.05529     57 0.15
275.00000   0.58135   0.04965     55 0.15
280.00000   0.64861   0.04757     52 0.15
285.00000   0.60489   0.05073     55 0.15
290.00000   0.54999   0.05274     63 0.15
295.00000   0.57476   0.05434     59 0.15
300.00000   0.59816   0.05613     57 0.15
305.00000   0.60753   0.05520     56 0.15
310.00000   0.67187   0.04881     49 0.15
315.00000   0.64126   0.05427     51 0.15
320.00000   0.56747   0.04937     57 0.15
325.00000   0.56355   0.05653     58 0.15
330.00000   0.62691   0.05675     56 0.15
335.00000   0.59927   0.05613     56 0.15
340.00000   0.68142   0.05163     48 0.15
345.00000   0.66844   0.05378     51 0.15
350.00000   0.56586   0.05132     56 0.15
355.00000   0.58255   0.06191     52 0.15
360.00000   0.66887   0.06016     51 0.15
365.00000   0.60685   0.06141     51 0.15
370.00000   0.67061   0.06331     46 0.15
375.00000   0.57839   0.05896     52 0.15
380.00000   0.60315   0.05657     50 0.15
385.00000   0.59050   0.06107     52 0.15
390.00000   0.63108   0.06181     50 0.15
395.00000   0.66418   0.05558     53 0.15
400.00000   0.70883   0.06060     45 0.15
